            CPU0       CPU1       CPU2       CPU3       CPU4       CPU5       CPU6       CPU7       CPU8       CPU9       CPU10      CPU11      CPU12      CPU13      CPU14      CPU15      CPU16      CPU17      CPU18      CPU19      CPU20      CPU21      
 163:          0          0          0          0          0          0          0          0          0          0          0          0          0          0          0          0          0          0          0        202          0          0 IR-PCI-MSIX-0000:01:00.0    0-edge      nvme0q0
 164:          0     240803          0          0          0          0          0          0          0          0          0          0          0          0          0          0          0          0          0          0          0          0 IR-PCI-MSIX-0000:01:00.0    1-edge      nvme0q1
 165:          0          0     101483          0          0          0          0          0          0          0          0          0          0          0          0          0          0          0          0          0          0          0 IR-PCI-MSIX-0000:01:00.0    2-edge      nvme0q2
 166:          0          0          0          0          0          0     160231          0          0          0          0          0          0          0          0          0          0          0          0          0          0          0 IR-PCI-MSIX-0000:01:00.0    3-edge      nvme0q3
 167:          0          0          0          0          0          0          0      47237          0          0          0          0          0          0          0          0          0          0          0          0          0          0 IR-PCI-MSIX-0000:01:00.0    4-edge      nvme0q4
 168:          0          0          0          0          0          0          0          0     143334          0          0          0          0          0          0          0          0          0          0          0          0          0 IR-PCI-MSIX-0000:01:00.0    5-edge      nvme0q5
 169:          0          0          0          0          0          0          0          0          0      38533          0          0          0          0          0          0          0          0          0          0          0          0 IR-PCI-MSIX-0000:01:00.0    6-edge      nvme0q6
 170:          0          0          0          0          0          0          0          0          0          0     140859          0          0          0          0          0          0          0          0          0          0          0 IR-PCI-MSIX-0000:01:00.0    7-edge      nvme0q7
 171:          0          0          0          0          0          0          0          0          0          0          0    1916373          0          0          0          0          0          0          0          0          0          0 IR-PCI-MSIX-0000:01:00.0    8-edge      nvme0q8
 172:          0          0          0     271113          0          0          0          0          0          0          0          0          0          0          0          0          0          0          0          0          0          0 IR-PCI-MSIX-0000:01:00.0    9-edge      nvme0q9
 173:          0          0          0          0      92271          0          0          0          0          0          0          0          0          0          0          0          0          0          0          0          0          0 IR-PCI-MSIX-0000:01:00.0   10-edge      nvme0q10
 174:     123269          0          0          0          0          0          0          0          0          0          0          0          0          0          0          0          0          0          0          0          0          0 IR-PCI-MSIX-0000:01:00.0   11-edge      nvme0q11
 175:          0          0          0          0          0     147788          0          0          0          0          0          0          0          0          0          0          0          0          0          0          0          0 IR-PCI-MSIX-0000:01:00.0   12-edge      nvme0q12
 176:          0          0          0          0          0          0          0          0          0          0          0          0          0          0          0          0          0          0          0          0      35865          0 IR-PCI-MSIX-0000:01:00.0   13-edge      nvme0q13
 177:          0          0          0          0          0          0          0          0          0          0          0          0          0          0          0          0          0          0          0          0          0      20362 IR-PCI-MSIX-0000:01:00.0   14-edge      nvme0q14
 178:          0          0          0          0          0          0          0          0          0          0          0          0          0          0          0          0      75096          0          0          0          0          0 IR-PCI-MSIX-0000:01:00.0   15-edge      nvme0q15
 179:          0          0          0          0          0          0          0          0          0          0          0          0          0          0          0          0          0      69151          0          0          0          0 IR-PCI-MSIX-0000:01:00.0   16-edge      nvme0q16
 180:          0          0          0          0          0          0          0          0          0          0          0          0          0          0          0          0          0          0      63273          0          0          0 IR-PCI-MSIX-0000:01:00.0   17-edge      nvme0q17
 181:          0          0          0          0          0          0          0          0          0          0          0          0          0          0          0          0          0          0          0      55844          0          0 IR-PCI-MSIX-0000:01:00.0   18-edge      nvme0q18
 182:          0          0          0          0          0          0          0          0          0          0          0          0     131451          0          0          0          0          0          0          0          0          0 IR-PCI-MSIX-0000:01:00.0   19-edge      nvme0q19
 183:          0          0          0          0          0          0          0          0          0          0          0          0          0     118216          0          0          0          0          0          0          0          0 IR-PCI-MSIX-0000:01:00.0   20-edge      nvme0q20
 184:          0          0          0          0          0          0          0          0          0          0          0          0          0          0      93045          0          0          0          0          0          0          0 IR-PCI-MSIX-0000:01:00.0   21-edge      nvme0q21
 185:          0          0          0          0          0          0          0          0          0          0          0          0          0          0          0      72215          0          0          0          0          0          0 IR-PCI-MSIX-0000:01:00.0   22-edge      nvme0q22
