            CPU0       CPU1       CPU2       CPU3       CPU4       CPU5       CPU6       CPU7       CPU8       CPU9       CPU10      CPU11      CPU12      CPU13      CPU14      CPU15      CPU16      CPU17      CPU18      CPU19      CPU20      CPU21      
 163:          0          0          0          0          0          0          0          0          0          0          0          0          0          0          0          0          0          0          0        194          0          0 IR-PCI-MSIX-0000:01:00.0    0-edge      nvme0q0
 164:          0     218927          0          0          0          0          0          0          0          0          0          0          0          0          0          0          0          0          0          0          0          0 IR-PCI-MSIX-0000:01:00.0    1-edge      nvme0q1
 165:          0          0      95968          0          0          0          0          0          0          0          0          0          0          0          0          0          0          0          0          0          0          0 IR-PCI-MSIX-0000:01:00.0    2-edge      nvme0q2
 166:          0          0          0          0          0          0     137090          0          0          0          0          0          0          0          0          0          0          0          0          0          0          0 IR-PCI-MSIX-0000:01:00.0    3-edge      nvme0q3
 167:          0          0          0          0          0          0          0      44554          0          0          0          0          0          0          0          0          0          0          0          0          0          0 IR-PCI-MSIX-0000:01:00.0    4-edge      nvme0q4
 168:          0          0          0          0          0          0          0          0     122141          0          0          0          0          0          0          0          0          0          0          0          0          0 IR-PCI-MSIX-0000:01:00.0    5-edge      nvme0q5
 169:          0          0          0          0          0          0          0          0          0      37877          0          0          0          0          0          0          0          0          0          0          0          0 IR-PCI-MSIX-0000:01:00.0    6-edge      nvme0q6
 170:          0          0          0          0          0          0          0          0          0          0     113371          0          0          0          0          0          0          0          0          0          0          0 IR-PCI-MSIX-0000:01:00.0    7-edge      nvme0q7
 171:          0          0          0          0          0          0          0          0          0          0          0     170355          0          0          0          0          0          0          0          0          0          0 IR-PCI-MSIX-0000:01:00.0    8-edge      nvme0q8
 172:          0          0          0     247377          0          0          0          0          0          0          0          0          0          0          0          0          0          0          0          0          0          0 IR-PCI-MSIX-0000:01:00.0    9-edge      nvme0q9
 173:          0          0          0          0      84522          0          0          0          0          0          0          0          0          0          0          0          0          0          0          0          0          0 IR-PCI-MSIX-0000:01:00.0   10-edge      nvme0q10
 174:      97520          0          0          0          0          0          0          0          0          0          0          0          0          0          0          0          0          0          0          0          0          0 IR-PCI-MSIX-0000:01:00.0   11-edge      nvme0q11
 175:          0          0          0          0          0     126469          0          0          0          0          0          0          0          0          0          0          0          0          0          0          0          0 IR-PCI-MSIX-0000:01:00.0   12-edge      nvme0q12
 176:          0          0          0          0          0          0          0          0          0          0          0          0          0          0          0          0          0          0          0          0      35028          0 IR-PCI-MSIX-0000:01:00.0   13-edge      nvme0q13
 177:          0          0          0          0          0          0          0          0          0          0          0          0          0          0          0          0          0          0          0          0          0      20243 IR-PCI-MSIX-0000:01:00.0   14-edge      nvme0q14
 178:          0          0          0          0          0          0          0          0          0          0          0          0          0          0          0          0      70660          0          0          0          0          0 IR-PCI-MSIX-0000:01:00.0   15-edge      nvme0q15
 179:          0          0          0          0          0          0          0          0          0          0          0          0          0          0          0          0          0      65031          0          0          0          0 IR-PCI-MSIX-0000:01:00.0   16-edge      nvme0q16
 180:          0          0          0          0          0          0          0          0          0          0          0          0          0          0          0          0          0          0      59977          0          0          0 IR-PCI-MSIX-0000:01:00.0   17-edge      nvme0q17
 181:          0          0          0          0          0          0          0          0          0          0          0          0          0          0          0          0          0          0          0      54546          0          0 IR-PCI-MSIX-0000:01:00.0   18-edge      nvme0q18
 182:          0          0          0          0          0          0          0          0          0          0          0          0      89430          0          0          0          0          0          0          0          0          0 IR-PCI-MSIX-0000:01:00.0   19-edge      nvme0q19
 183:          0          0          0          0          0          0          0          0          0          0          0          0          0      83421          0          0          0          0          0          0          0          0 IR-PCI-MSIX-0000:01:00.0   20-edge      nvme0q20
 184:          0          0          0          0          0          0          0          0          0          0          0          0          0          0      73115          0          0          0          0          0          0          0 IR-PCI-MSIX-0000:01:00.0   21-edge      nvme0q21
 185:          0          0          0          0          0          0          0          0          0          0          0          0          0          0          0      62805          0          0          0          0          0          0 IR-PCI-MSIX-0000:01:00.0   22-edge      nvme0q22
